crossing time (s)	slope (V/s)	crossing number
281474976710655.000000	41.670963	1132	0.000000
281474976710655.000000	45.737370	1133	0.000000
281474976710655.000000	40.784668	1134	0.000000
281474976710655.000000	49.727833	1135	0.000000
281474976710655.000000	40.552837	1136	0.000000
281474976710655.000000	41.775341	1137	0.000000
281474976710655.000000	44.033901	1138	0.000000
281474976710655.000000	40.605541	1139	0.000000
281474976710655.000000	41.150574	1140	0.000000
281474976710655.000000	39.905800	1141	0.000000
281474976710655.000000	38.087276	1142	0.000000
281474976710655.000000	49.747967	1143	0.000000
281474976710655.000000	42.301311	1144	0.000000
281474976710655.000000	41.564117	1145	0.000000
281474976710655.000000	39.946625	1146	0.000000
281474976710655.000000	41.019989	1147	0.000000
281474976710655.000000	43.807144	1148	0.000000
281474976710655.000000	32.425388	1149	0.000000
281474976710655.000000	40.140694	1150	0.000000
281474976710655.000000	32.936131	1151	0.000000
281474976710655.000000	39.414249	1152	0.000000
281474976710655.000000	40.240177	1153	0.000000
281474976710655.000000	40.254166	1154	0.000000
281474976710655.000000	39.101498	1155	0.000000
281474976710655.000000	38.676037	1156	0.000000
281474976710655.000000	43.565201	1157	0.000000
281474976710655.000000	40.843964	1158	0.000000
281474976710655.000000	34.553734	1159	0.000000
281474976710655.000000	48.066071	1160	0.000000
281474976710655.000000	38.969955	1161	0.000000
281474976710655.000000	37.923813	1162	0.000000
281474976710655.000000	38.621582	1163	0.000000
281474976710655.000000	42.390137	1164	0.000000
281474976710655.000000	48.587120	1165	0.000000
281474976710655.000000	39.435276	1166	0.000000
281474976710655.000000	36.801952	1167	0.000000
281474976710655.000000	38.234398	1168	0.000000
281474976710655.000000	33.947609	1169	0.000000
281474976710655.000000	38.391453	1170	0.000000
281474976710655.000000	38.325150	1171	0.000000
281474976710655.000000	34.659214	1172	0.000000
281474976710655.000000	38.619122	1173	0.000000
281474976710655.000000	38.143200	1174	0.000000
281474976710655.000000	38.922123	1175	0.000000
281474976710655.000000	46.696560	1176	0.000000
281474976710655.000000	39.225220	1177	0.000000
281474976710655.000000	44.909843	1178	0.000000
281474976710655.000000	38.362152	1179	0.000000
281474976710655.000000	31.426361	1180	0.000000
281474976710655.000000	33.844990	1181	0.000000
281474976710655.000000	37.309975	1182	0.000000
281474976710655.000000	34.900734	1183	0.000000
281474976710655.000000	38.062481	1184	0.000000
281474976710655.000000	46.997116	1185	0.000000
281474976710655.000000	41.140785	1186	0.000000
281474976710655.000000	38.087555	1187	0.000000
281474976710655.000000	30.842913	1188	0.000000
281474976710655.000000	37.427410	1189	0.000000
281474976710655.000000	33.152336	1190	0.000000
281474976710655.000000	46.226185	1191	0.000000
281474976710655.000000	37.925171	1192	0.000000
281474976710655.000000	33.103298	1193	0.000000
281474976710655.000000	36.526386	1194	0.000000
281474976710655.000000	37.617702	1195	0.000000
281474976710655.000000	38.127445	1196	0.000000
281474976710655.000000	34.478027	1197	0.000000
281474976710655.000000	28.772102	1198	0.000000
281474976710655.000000	40.296711	1199	0.000000
281474976710655.000000	38.581532	1200	0.000000
281474976710655.000000	37.122574	1201	0.000000
281474976710655.000000	36.555698	1202	0.000000
281474976710655.000000	37.584160	1203	0.000000
281474976710655.000000	35.932926	1204	0.000000
281474976710655.000000	40.204426	1205	0.000000
281474976710655.000000	32.167309	1206	0.000000
281474976710655.000000	37.041477	1207	0.000000
281474976710655.000000	36.933968	1208	0.000000
281474976710655.000000	35.958271	1209	0.000000
281474976710655.000000	30.731144	1210	0.000000
281474976710655.000000	36.355354	1211	0.000000
281474976710655.000000	36.155735	1212	0.000000
281474976710655.000000	37.076225	1213	0.000000
281474976710655.000000	37.661415	1214	0.000000
281474976710655.000000	31.204048	1215	0.000000
281474976710655.000000	28.372877	1216	0.000000
281474976710655.000000	35.972164	1217	0.000000
281474976710655.000000	31.485380	1218	0.000000
281474976710655.000000	32.763779	1219	0.000000
281474976710655.000000	33.297691	1220	0.000000
281474976710655.000000	33.684963	1221	0.000000
281474976710655.000000	30.625765	1222	0.000000
281474976710655.000000	39.145493	1223	0.000000
281474976710655.000000	35.281822	1224	0.000000
281474976710655.000000	28.728365	1225	0.000000
281474976710655.000000	35.554348	1226	0.000000
281474976710655.000000	35.092716	1227	0.000000
281474976710655.000000	28.807789	1228	0.000000
281474976710655.000000	39.048546	1229	0.000000
281474976710655.000000	31.656538	1230	0.000000
281474976710655.000000	35.665218	1231	0.000000
281474976710655.000000	34.847942	1232	0.000000
281474976710655.000000	35.212852	1233	0.000000
281474976710655.000000	34.809959	1234	0.000000
281474976710655.000000	37.961792	1235	0.000000
281474976710655.000000	39.061737	1236	0.000000
281474976710655.000000	30.140173	1237	0.000000
281474976710655.000000	36.447590	1238	0.000000
281474976710655.000000	34.841904	1239	0.000000
281474976710655.000000	34.086693	1240	0.000000
281474976710655.000000	28.676207	1241	0.000000
281474976710655.000000	34.271553	1242	0.000000
281474976710655.000000	36.966297	1243	0.000000
281474976710655.000000	36.036617	1244	0.000000
281474976710655.000000	32.757980	1245	0.000000
281474976710655.000000	32.262695	1246	0.000000
281474976710655.000000	36.268982	1247	0.000000
281474976710655.000000	40.185181	1248	0.000000
281474976710655.000000	34.989189	1249	0.000000
281474976710655.000000	34.324833	1250	0.000000
281474976710655.000000	30.539036	1251	0.000000
281474976710655.000000	30.493090	1252	0.000000
281474976710655.000000	36.170681	1253	0.000000
281474976710655.000000	34.159157	1254	0.000000
281474976710655.000000	34.545525	1255	0.000000
281474976710655.000000	34.091518	1256	0.000000
281474976710655.000000	40.104004	1257	0.000000
281474976710655.000000	34.076115	1258	0.000000
281474976710655.000000	34.459061	1259	0.000000
281474976710655.000000	35.414677	1260	0.000000
281474976710655.000000	35.894852	1261	0.000000
281474976710655.000000	34.806961	1262	0.000000
281474976710655.000000	33.893845	1263	0.000000
281474976710655.000000	38.166302	1264	0.000000
281474976710655.000000	38.654564	1265	0.000000
281474976710655.000000	31.316479	1266	0.000000
281474976710655.000000	34.014645	1267	0.000000
281474976710655.000000	32.886894	1268	0.000000
281474976710655.000000	29.945580	1269	0.000000
281474976710655.000000	33.111248	1270	0.000000
281474976710655.000000	34.467045	1271	0.000000
281474976710655.000000	32.130508	1272	0.000000
281474976710655.000000	33.722927	1273	0.000000
281474976710655.000000	31.594833	1274	0.000000
281474976710655.000000	30.926830	1275	0.000000
281474976710655.000000	32.843472	1276	0.000000
281474976710655.000000	29.881302	1277	0.000000
281474976710655.000000	30.861635	1278	0.000000
281474976710655.000000	30.826653	1279	0.000000
281474976710655.000000	32.705860	1280	0.000000
281474976710655.000000	31.819204	1281	0.000000
281474976710655.000000	29.706028	1282	0.000000
281474976710655.000000	30.849287	1283	0.000000
281474976710655.000000	29.069571	1284	0.000000
281474976710655.000000	33.848270	1285	0.000000
281474976710655.000000	33.189491	1286	0.000000
281474976710655.000000	27.265434	1287	0.000000
281474976710655.000000	32.118294	1288	0.000000
281474976710655.000000	34.457104	1289	0.000000
281474976710655.000000	33.470322	1290	0.000000
281474976710655.000000	33.733250	1291	0.000000
281474976710655.000000	31.654406	1292	0.000000
281474976710655.000000	33.719433	1293	0.000000
281474976710655.000000	31.695955	1294	0.000000
281474976710655.000000	32.235882	1295	0.000000
281474976710655.000000	31.342094	1296	0.000000
281474976710655.000000	27.321568	1297	0.000000
281474976710655.000000	33.041939	1298	0.000000
281474976710655.000000	33.676182	1299	0.000000
281474976710655.000000	32.645077	1300	0.000000
281474976710655.000000	36.505119	1301	0.000000
281474976710655.000000	32.088974	1302	0.000000
281474976710655.000000	36.219025	1303	0.000000
281474976710655.000000	32.780701	1304	0.000000
281474976710655.000000	28.076418	1305	0.000000
281474976710655.000000	28.339880	1306	0.000000
281474976710655.000000	28.932953	1307	0.000000
281474976710655.000000	31.487675	1308	0.000000
281474976710655.000000	33.737190	1309	0.000000
281474976710655.000000	29.607155	1310	0.000000
281474976710655.000000	28.326796	1311	0.000000
281474976710655.000000	32.879410	1312	0.000000
281474976710655.000000	26.891243	1313	0.000000
281474976710655.000000	31.514536	1314	0.000000
281474976710655.000000	32.142765	1315	0.000000
281474976710655.000000	31.761124	1316	0.000000
281474976710655.000000	31.839226	1317	0.000000
281474976710655.000000	29.022089	1318	0.000000
281474976710655.000000	31.962517	1319	0.000000
281474976710655.000000	32.126904	1320	0.000000
281474976710655.000000	31.285713	1321	0.000000
281474976710655.000000	31.283169	1322	0.000000
281474976710655.000000	33.352707	1323	0.000000
281474976710655.000000	25.595016	1324	0.000000
281474976710655.000000	31.696016	1325	0.000000
281474976710655.000000	29.199036	1326	0.000000
281474976710655.000000	35.854656	1327	0.000000
281474976710655.000000	30.761505	1328	0.000000
281474976710655.000000	32.524567	1329	0.000000
281474976710655.000000	31.635721	1330	0.000000
281474976710655.000000	29.391886	1331	0.000000
281474976710655.000000	27.790846	1332	0.000000
281474976710655.000000	32.679844	1333	0.000000
281474976710655.000000	30.661905	1334	0.000000
281474976710655.000000	31.305527	1335	0.000000
281474976710655.000000	28.595385	1336	0.000000
281474976710655.000000	28.722137	1337	0.000000
281474976710655.000000	30.286135	1338	0.000000
281474976710655.000000	30.701576	1339	0.000000
281474976710655.000000	29.949701	1340	0.000000
281474976710655.000000	31.856680	1341	0.000000
281474976710655.000000	31.972452	1342	0.000000
281474976710655.000000	27.403185	1343	0.000000
281474976710655.000000	30.196272	1344	0.000000
281474976710655.000000	29.527052	1345	0.000000
281474976710655.000000	28.343962	1346	0.000000
281474976710655.000000	31.062496	1347	0.000000
281474976710655.000000	29.832264	1348	0.000000
281474976710655.000000	31.226891	1349	0.000000
281474976710655.000000	29.582872	1350	0.000000
281474976710655.000000	30.603567	1351	0.000000
281474976710655.000000	29.399349	1352	0.000000
281474976710655.000000	30.878321	1353	0.000000
281474976710655.000000	29.565975	1354	0.000000
281474976710655.000000	26.496426	1355	0.000000
281474976710655.000000	30.476542	1356	0.000000
281474976710655.000000	31.020784	1357	0.000000
281474976710655.000000	30.692724	1358	0.000000
281474976710655.000000	33.558769	1359	0.000000
281474976710655.000000	28.173405	1360	0.000000
281474976710655.000000	31.144913	1361	0.000000
281474976710655.000000	25.047377	1362	0.000000
281474976710655.000000	28.043772	1363	0.000000
281474976710655.000000	29.261625	1364	0.000000
281474976710655.000000	31.382442	1365	0.000000
281474976710655.000000	29.840271	1366	0.000000
281474976710655.000000	31.925390	1367	0.000000
281474976710655.000000	27.178396	1368	0.000000
281474976710655.000000	30.152136	1369	0.000000
281474976710655.000000	29.580366	1370	0.000000
281474976710655.000000	33.534367	1371	0.000000
281474976710655.000000	28.642189	1372	0.000000
281474976710655.000000	32.643589	1373	0.000000
281474976710655.000000	25.772429	1374	0.000000
281474976710655.000000	31.611736	1375	0.000000
281474976710655.000000	29.954290	1376	0.000000
281474976710655.000000	27.759626	1377	0.000000
281474976710655.000000	28.410215	1378	0.000000
281474976710655.000000	33.594986	1379	0.000000
281474976710655.000000	29.780262	1380	0.000000
281474976710655.000000	28.577997	1381	0.000000
281474976710655.000000	26.776966	1382	0.000000
281474976710655.000000	26.655504	1383	0.000000
281474976710655.000000	28.084362	1384	0.000000
281474976710655.000000	26.156176	1385	0.000000
281474976710655.000000	29.783699	1386	0.000000
281474976710655.000000	30.013010	1387	0.000000
281474976710655.000000	28.052036	1388	0.000000
281474976710655.000000	27.545738	1389	0.000000
281474976710655.000000	26.125624	1390	0.000000
281474976710655.000000	27.316181	1391	0.000000
281474976710655.000000	26.122602	1392	0.000000
281474976710655.000000	27.639078	1393	0.000000
281474976710655.000000	26.702076	1394	0.000000
281474976710655.000000	27.080559	1395	0.000000
281474976710655.000000	28.101898	1396	0.000000
281474976710655.000000	29.143318	1397	0.000000
281474976710655.000000	26.332912	1398	0.000000
281474976710655.000000	28.902002	1399	0.000000
281474976710655.000000	28.029591	1400	0.000000
281474976710655.000000	28.473343	1401	0.000000
281474976710655.000000	31.635319	1402	0.000000
281474976710655.000000	29.161280	1403	0.000000
281474976710655.000000	26.134249	1404	0.000000
281474976710655.000000	26.907324	1405	0.000000
281474976710655.000000	27.357748	1406	0.000000
281474976710655.000000	28.559315	1407	0.000000
281474976710655.000000	29.244757	1408	0.000000
281474976710655.000000	28.675602	1409	0.000000
281474976710655.000000	27.956570	1410	0.000000
281474976710655.000000	32.583702	1411	0.000000
281474976710655.000000	29.317772	1412	0.000000
281474976710655.000000	31.053091	1413	0.000000
281474976710655.000000	30.305094	1414	0.000000
281474976710655.000000	28.444693	1415	0.000000
281474976710655.000000	29.169380	1416	0.000000
281474976710655.000000	27.989119	1417	0.000000
281474976710655.000000	29.382332	1418	0.000000
281474976710655.000000	26.653872	1419	0.000000
281474976710655.000000	26.193272	1420	0.000000
281474976710655.000000	26.561893	1421	0.000000
281474976710655.000000	27.308762	1422	0.000000
281474976710655.000000	27.747034	1423	0.000000
281474976710655.000000	29.933344	1424	0.000000
281474976710655.000000	30.037169	1425	0.000000
281474976710655.000000	28.048119	1426	0.000000
281474976710655.000000	29.785938	1427	0.000000
281474976710655.000000	29.532789	1428	0.000000
281474976710655.000000	27.311674	1429	0.000000
281474976710655.000000	30.943653	1430	0.000000
281474976710655.000000	28.881882	1431	0.000000
281474976710655.000000	26.321663	1432	0.000000
281474976710655.000000	25.585073	1433	0.000000
281474976710655.000000	25.557793	1434	0.000000
281474976710655.000000	25.904333	1435	0.000000
281474976710655.000000	26.992722	1436	0.000000
281474976710655.000000	30.465853	1437	0.000000
281474976710655.000000	26.859955	1438	0.000000
281474976710655.000000	25.495892	1439	0.000000
281474976710655.000000	24.550560	1440	0.000000
281474976710655.000000	28.776781	1441	0.000000
281474976710655.000000	28.347790	1442	0.000000
281474976710655.000000	27.761597	1443	0.000000
281474976710655.000000	26.191406	1444	0.000000
281474976710655.000000	25.888247	1445	0.000000
281474976710655.000000	27.881750	1446	0.000000
281474976710655.000000	27.643892	1447	0.000000
281474976710655.000000	26.068266	1448	0.000000
281474976710655.000000	26.446304	1449	0.000000
281474976710655.000000	26.412027	1450	0.000000
281474976710655.000000	25.449074	1451	0.000000
281474976710655.000000	26.083126	1452	0.000000
281474976710655.000000	25.634466	1453	0.000000
281474976710655.000000	24.747686	1454	0.000000
281474976710655.000000	26.112896	1455	0.000000
281474976710655.000000	26.027058	1456	0.000000
281474976710655.000000	27.873117	1457	0.000000
281474976710655.000000	26.158052	1458	0.000000
281474976710655.000000	26.600769	1459	0.000000
281474976710655.000000	26.190742	1460	0.000000
281474976710655.000000	30.806707	1461	0.000000
281474976710655.000000	25.257818	1462	0.000000
281474976710655.000000	30.735905	1463	0.000000
281474976710655.000000	24.895882	1464	0.000000
281474976710655.000000	28.000570	1465	0.000000
281474976710655.000000	25.903133	1466	0.000000
281474976710655.000000	27.170330	1467	0.000000
281474976710655.000000	25.735971	1468	0.000000
281474976710655.000000	24.092079	1469	0.000000
281474976710655.000000	27.404385	1470	0.000000
281474976710655.000000	26.684168	1471	0.000000
281474976710655.000000	26.584459	1472	0.000000
281474976710655.000000	27.835089	1473	0.000000
281474976710655.000000	27.060259	1474	0.000000
281474976710655.000000	26.061815	1475	0.000000
281474976710655.000000	27.434938	1476	0.000000
281474976710655.000000	26.016300	1477	0.000000
281474976710655.000000	24.431675	1478	0.000000
281474976710655.000000	26.353827	1479	0.000000
281474976710655.000000	25.929167	1480	0.000000
281474976710655.000000	27.201561	1481	0.000000
281474976710655.000000	26.070498	1482	0.000000
281474976710655.000000	25.715305	1483	0.000000
281474976710655.000000	24.904778	1484	0.000000
281474976710655.000000	25.816380	1485	0.000000
281474976710655.000000	26.237537	1486	0.000000
281474976710655.000000	25.437708	1487	0.000000
281474976710655.000000	24.720816	1488	0.000000
281474976710655.000000	26.014324	1489	0.000000
281474976710655.000000	26.551252	1490	0.000000
281474976710655.000000	26.218336	1491	0.000000
281474976710655.000000	27.441679	1492	0.000000
281474976710655.000000	24.766991	1493	0.000000
281474976710655.000000	24.939442	1494	0.000000
281474976710655.000000	24.298790	1495	0.000000
281474976710655.000000	23.358522	1496	0.000000
281474976710655.000000	27.406208	1497	0.000000
281474976710655.000000	23.129574	1498	0.000000
281474976710655.000000	25.385441	1499	0.000000
281474976710655.000000	25.299583	1500	0.000000
281474976710655.000000	25.967352	1501	0.000000
281474976710655.000000	24.666458	1502	0.000000
281474976710655.000000	25.362892	1503	0.000000
281474976710655.000000	24.313055	1504	0.000000
281474976710655.000000	25.685318	1505	0.000000
281474976710655.000000	24.392338	1506	0.000000
281474976710655.000000	24.901428	1507	0.000000
281474976710655.000000	24.351137	1508	0.000000
281474976710655.000000	24.107357	1509	0.000000
281474976710655.000000	25.127857	1510	0.000000
281474976710655.000000	24.709133	1511	0.000000
281474976710655.000000	25.665359	1512	0.000000
281474976710655.000000	25.767052	1513	0.000000
281474976710655.000000	23.798721	1514	0.000000
281474976710655.000000	25.835775	1515	0.000000
281474976710655.000000	24.467379	1516	0.000000
281474976710655.000000	24.585197	1517	0.000000
281474976710655.000000	24.802231	1518	0.000000
281474976710655.000000	26.105738	1519	0.000000
281474976710655.000000	24.941202	1520	0.000000
281474976710655.000000	27.683458	1521	0.000000
281474976710655.000000	24.799147	1522	0.000000
281474976710655.000000	26.378122	1523	0.000000
281474976710655.000000	24.667452	1524	0.000000
281474976710655.000000	26.799932	1525	0.000000
281474976710655.000000	22.768915	1526	0.000000
281474976710655.000000	24.335756	1527	0.000000
281474976710655.000000	22.335463	1528	0.000000
281474976710655.000000	27.462978	1529	0.000000
281474976710655.000000	22.301765	1530	0.000000
281474976710655.000000	24.035210	1531	0.000000
281474976710655.000000	23.066359	1532	0.000000
281474976710655.000000	24.129425	1533	0.000000
281474976710655.000000	23.631884	1534	0.000000
281474976710655.000000	24.535982	1535	0.000000
281474976710655.000000	21.952120	1536	0.000000
281474976710655.000000	22.680809	1537	0.000000
281474976710655.000000	24.134428	1538	0.000000
281474976710655.000000	23.164774	1539	0.000000
281474976710655.000000	24.145393	1540	0.000000
281474976710655.000000	22.839685	1541	0.000000
281474976710655.000000	23.436729	1542	0.000000
281474976710655.000000	25.828993	1543	0.000000
281474976710655.000000	24.232136	1544	0.000000
281474976710655.000000	24.157164	1545	0.000000
281474976710655.000000	23.623171	1546	0.000000
281474976710655.000000	25.693094	1547	0.000000
281474976710655.000000	22.631704	1548	0.000000
281474976710655.000000	24.117802	1549	0.000000
281474976710655.000000	23.453470	1550	0.000000
281474976710655.000000	25.280403	1551	0.000000
281474976710655.000000	23.156799	1552	0.000000
281474976710655.000000	23.040379	1553	0.000000
281474976710655.000000	23.840776	1554	0.000000
281474976710655.000000	24.017853	1555	0.000000
281474976710655.000000	22.121183	1556	0.000000
281474976710655.000000	23.899897	1557	0.000000
281474976710655.000000	23.199636	1558	0.000000
281474976710655.000000	24.659897	1559	0.000000
281474976710655.000000	24.618706	1560	0.000000
281474976710655.000000	23.760843	1561	0.000000
281474976710655.000000	21.565994	1562	0.000000
281474976710655.000000	25.416925	1563	0.000000
281474976710655.000000	22.798119	1564	0.000000
281474976710655.000000	26.272421	1565	0.000000
281474976710655.000000	21.834957	1566	0.000000
281474976710655.000000	22.524525	1567	0.000000
281474976710655.000000	23.726130	1568	0.000000
281474976710655.000000	23.946814	1569	0.000000
281474976710655.000000	21.408535	1570	0.000000
281474976710655.000000	23.171021	1571	0.000000
281474976710655.000000	22.549261	1572	0.000000
281474976710655.000000	23.341543	1573	0.000000
281474976710655.000000	23.253407	1574	0.000000
281474976710655.000000	22.809614	1575	0.000000
281474976710655.000000	23.344051	1576	0.000000
281474976710655.000000	23.356369	1577	0.000000
281474976710655.000000	22.626907	1578	0.000000
281474976710655.000000	25.983000	1579	0.000000
281474976710655.000000	21.491047	1580	0.000000
281474976710655.000000	21.901123	1581	0.000000
281474976710655.000000	22.544548	1582	0.000000
281474976710655.000000	22.948526	1583	0.000000
281474976710655.000000	22.292053	1584	0.000000
281474976710655.000000	22.484894	1585	0.000000
281474976710655.000000	21.682550	1586	0.000000
281474976710655.000000	22.322300	1587	0.000000
281474976710655.000000	21.595394	1588	0.000000
281474976710655.000000	25.430628	1589	0.000000
281474976710655.000000	22.149982	1590	0.000000
281474976710655.000000	23.180471	1591	0.000000
281474976710655.000000	23.457371	1592	0.000000
281474976710655.000000	24.187084	1593	0.000000
281474976710655.000000	21.439550	1594	0.000000
281474976710655.000000	22.743786	1595	0.000000
281474976710655.000000	22.888119	1596	0.000000
281474976710655.000000	24.710587	1597	0.000000
281474976710655.000000	22.784473	1598	0.000000
281474976710655.000000	22.733351	1599	0.000000
281474976710655.000000	23.202850	1600	0.000000
281474976710655.000000	21.543818	1601	0.000000
281474976710655.000000	23.261948	1602	0.000000
281474976710655.000000	23.399210	1603	0.000000
281474976710655.000000	21.834610	1604	0.000000
281474976710655.000000	21.098101	1605	0.000000
281474976710655.000000	21.738836	1606	0.000000
281474976710655.000000	22.481138	1607	0.000000
281474976710655.000000	21.967545	1608	0.000000
281474976710655.000000	22.733177	1609	0.000000
281474976710655.000000	22.444292	1610	0.000000
281474976710655.000000	23.705425	1611	0.000000
281474976710655.000000	21.199568	1612	0.000000
281474976710655.000000	22.203257	1613	0.000000
281474976710655.000000	21.227694	1614	0.000000
281474976710655.000000	23.294994	1615	0.000000
281474976710655.000000	22.391642	1616	0.000000
281474976710655.000000	21.806267	1617	0.000000
281474976710655.000000	20.632460	1618	0.000000
281474976710655.000000	22.541883	1619	0.000000
281474976710655.000000	20.878078	1620	0.000000
281474976710655.000000	21.583492	1621	0.000000
281474976710655.000000	20.675329	1622	0.000000
281474976710655.000000	22.680799	1623	0.000000
281474976710655.000000	22.415428	1624	0.000000
281474976710655.000000	21.245026	1625	0.000000
281474976710655.000000	20.638231	1626	0.000000
281474976710655.000000	21.721493	1627	0.000000
281474976710655.000000	20.592133	1628	0.000000
281474976710655.000000	21.012074	1629	0.000000
281474976710655.000000	20.922724	1630	0.000000
281474976710655.000000	22.075378	1631	0.000000
281474976710655.000000	21.557056	1632	0.000000
281474976710655.000000	21.294436	1633	0.000000
281474976710655.000000	21.861094	1634	0.000000
281474976710655.000000	21.020309	1635	0.000000
281474976710655.000000	20.761271	1636	0.000000
281474976710655.000000	21.492538	1637	0.000000
281474976710655.000000	20.439793	1638	0.000000
281474976710655.000000	21.972870	1639	0.000000
281474976710655.000000	21.953022	1640	0.000000
281474976710655.000000	21.040543	1641	0.000000
281474976710655.000000	22.146688	1642	0.000000
281474976710655.000000	21.421976	1643	0.000000
281474976710655.000000	20.967489	1644	0.000000
281474976710655.000000	21.153463	1645	0.000000
281474976710655.000000	21.404663	1646	0.000000
281474976710655.000000	21.760847	1647	0.000000
281474976710655.000000	21.431149	1648	0.000000
281474976710655.000000	21.283674	1649	0.000000
281474976710655.000000	20.407084	1650	0.000000
281474976710655.000000	21.213491	1651	0.000000
281474976710655.000000	20.954025	1652	0.000000
281474976710655.000000	21.642473	1653	0.000000
281474976710655.000000	20.730974	1654	0.000000
281474976710655.000000	21.077692	1655	0.000000
281474976710655.000000	21.061956	1656	0.000000
281474976710655.000000	21.777195	1657	0.000000
281474976710655.000000	19.832851	1658	0.000000
281474976710655.000000	21.127306	1659	0.000000
281474976710655.000000	19.977327	1660	0.000000
281474976710655.000000	21.436094	1661	0.000000
281474976710655.000000	20.357971	1662	0.000000
281474976710655.000000	20.775692	1663	0.000000
281474976710655.000000	20.221348	1664	0.000000
281474976710655.000000	20.857666	1665	0.000000
281474976710655.000000	19.839523	1666	0.000000
281474976710655.000000	20.636730	1667	0.000000
281474976710655.000000	19.898775	1668	0.000000
281474976710655.000000	21.451475	1669	0.000000
281474976710655.000000	21.003290	1670	0.000000
281474976710655.000000	20.371340	1671	0.000000
281474976710655.000000	20.748440	1672	0.000000
281474976710655.000000	20.579222	1673	0.000000
281474976710655.000000	19.351534	1674	0.000000
281474976710655.000000	20.400635	1675	0.000000
281474976710655.000000	19.998592	1676	0.000000
281474976710655.000000	19.734806	1677	0.000000
281474976710655.000000	19.873558	1678	0.000000
281474976710655.000000	20.641518	1679	0.000000
281474976710655.000000	19.901199	1680	0.000000
281474976710655.000000	20.590298	1681	0.000000
281474976710655.000000	19.361856	1682	0.000000
281474976710655.000000	20.128563	1683	0.000000
281474976710655.000000	20.159227	1684	0.000000
281474976710655.000000	20.165331	1685	0.000000
281474976710655.000000	19.609615	1686	0.000000
281474976710655.000000	20.346262	1687	0.000000
281474976710655.000000	19.218121	1688	0.000000
281474976710655.000000	19.589476	1689	0.000000
281474976710655.000000	19.573664	1690	0.000000
281474976710655.000000	20.191343	1691	0.000000
281474976710655.000000	19.940306	1692	0.000000
281474976710655.000000	18.782528	1693	0.000000
281474976710655.000000	19.660408	1694	0.000000
281474976710655.000000	19.417076	1695	0.000000
281474976710655.000000	18.748842	1696	0.000000
281474976710655.000000	20.221775	1697	0.000000
281474976710655.000000	18.739828	1698	0.000000
281474976710655.000000	19.699047	1699	0.000000
281474976710655.000000	18.842094	1700	0.000000
281474976710655.000000	19.997808	1701	0.000000
281474976710655.000000	19.174234	1702	0.000000
281474976710655.000000	19.728136	1703	0.000000
281474976710655.000000	19.947989	1704	0.000000
281474976710655.000000	18.927301	1705	0.000000
281474976710655.000000	19.222824	1706	0.000000
281474976710655.000000	20.184296	1707	0.000000
281474976710655.000000	19.272467	1708	0.000000
281474976710655.000000	20.232733	1709	0.000000
281474976710655.000000	18.883188	1710	0.000000
281474976710655.000000	19.842064	1711	0.000000
281474976710655.000000	19.432566	1712	0.000000
281474976710655.000000	19.516962	1713	0.000000
281474976710655.000000	18.915693	1714	0.000000
281474976710655.000000	20.149332	1715	0.000000
281474976710655.000000	19.489506	1716	0.000000
281474976710655.000000	19.109598	1717	0.000000
281474976710655.000000	18.469131	1718	0.000000
281474976710655.000000	18.818226	1719	0.000000
281474976710655.000000	18.951073	1720	0.000000
281474976710655.000000	19.474386	1721	0.000000
281474976710655.000000	19.039034	1722	0.000000
281474976710655.000000	19.481720	1723	0.000000
281474976710655.000000	18.749878	1724	0.000000
281474976710655.000000	19.540079	1725	0.000000
281474976710655.000000	18.948238	1726	0.000000
281474976710655.000000	18.743347	1727	0.000000
281474976710655.000000	18.593121	1728	0.000000
281474976710655.000000	20.078186	1729	0.000000
281474976710655.000000	18.832939	1730	0.000000
281474976710655.000000	18.924213	1731	0.000000
281474976710655.000000	18.481905	1732	0.000000
281474976710655.000000	19.065125	1733	0.000000
281474976710655.000000	19.063944	1734	0.000000
281474976710655.000000	18.764845	1735	0.000000
281474976710655.000000	18.677095	1736	0.000000
281474976710655.000000	18.103525	1737	0.000000
281474976710655.000000	18.876646	1738	0.000000
281474976710655.000000	18.297924	1739	0.000000
281474976710655.000000	17.964886	1740	0.000000
281474976710655.000000	18.546028	1741	0.000000
281474976710655.000000	17.953556	1742	0.000000
281474976710655.000000	19.330194	1743	0.000000
281474976710655.000000	17.712839	1744	0.000000
281474976710655.000000	18.376699	1745	0.000000
281474976710655.000000	17.740595	1746	0.000000
281474976710655.000000	18.760382	1747	0.000000
281474976710655.000000	17.954372	1748	0.000000
281474976710655.000000	19.197886	1749	0.000000
281474976710655.000000	18.035334	1750	0.000000
281474976710655.000000	18.431208	1751	0.000000
281474976710655.000000	18.407473	1752	0.000000
281474976710655.000000	18.569616	1753	0.000000
281474976710655.000000	17.851273	1754	0.000000
281474976710655.000000	18.179081	1755	0.000000
281474976710655.000000	18.362671	1756	0.000000
281474976710655.000000	17.897213	1757	0.000000
281474976710655.000000	17.552744	1758	0.000000
281474976710655.000000	18.453547	1759	0.000000
281474976710655.000000	17.990587	1760	0.000000
281474976710655.000000	17.809612	1761	0.000000
281474976710655.000000	17.697720	1762	0.000000
281474976710655.000000	17.896997	1763	0.000000
281474976710655.000000	18.014143	1764	0.000000
281474976710655.000000	18.109146	1765	0.000000
281474976710655.000000	17.783930	1766	0.000000
281474976710655.000000	17.425869	1767	0.000000
281474976710655.000000	17.808231	1768	0.000000
281474976710655.000000	17.785624	1769	0.000000
281474976710655.000000	17.595978	1770	0.000000
281474976710655.000000	17.906096	1771	0.000000
281474976710655.000000	17.697371	1772	0.000000
281474976710655.000000	18.113588	1773	0.000000
281474976710655.000000	17.450972	1774	0.000000
281474976710655.000000	18.063686	1775	0.000000
281474976710655.000000	17.898993	1776	0.000000
281474976710655.000000	17.751612	1777	0.000000
281474976710655.000000	16.656870	1778	0.000000
281474976710655.000000	17.871159	1779	0.000000
281474976710655.000000	17.586378	1780	0.000000
281474976710655.000000	17.718491	1781	0.000000
281474976710655.000000	17.158516	1782	0.000000
281474976710655.000000	17.704540	1783	0.000000
281474976710655.000000	17.499590	1784	0.000000
281474976710655.000000	17.345488	1785	0.000000
281474976710655.000000	17.046453	1786	0.000000
281474976710655.000000	17.505953	1787	0.000000
281474976710655.000000	16.822407	1788	0.000000
281474976710655.000000	17.788452	1789	0.000000
281474976710655.000000	17.199640	1790	0.000000
281474976710655.000000	16.778276	1791	0.000000
281474976710655.000000	17.118429	1792	0.000000
281474976710655.000000	17.843281	1793	0.000000
281474976710655.000000	17.046703	1794	0.000000
281474976710655.000000	17.282841	1795	0.000000
281474976710655.000000	17.608128	1796	0.000000
281474976710655.000000	17.256052	1797	0.000000
281474976710655.000000	16.557453	1798	0.000000
281474976710655.000000	16.941921	1799	0.000000
281474976710655.000000	17.129013	1800	0.000000
281474976710655.000000	17.153437	1801	0.000000
281474976710655.000000	16.901794	1802	0.000000
281474976710655.000000	17.660633	1803	0.000000
281474976710655.000000	16.604374	1804	0.000000
281474976710655.000000	16.682663	1805	0.000000
281474976710655.000000	16.648390	1806	0.000000
281474976710655.000000	17.076286	1807	0.000000
281474976710655.000000	16.531982	1808	0.000000
281474976710655.000000	17.199043	1809	0.000000
281474976710655.000000	17.169781	1810	0.000000
281474976710655.000000	16.834885	1811	0.000000
281474976710655.000000	16.211794	1812	0.000000
281474976710655.000000	17.223158	1813	0.000000
281474976710655.000000	16.583405	1814	0.000000
281474976710655.000000	16.972792	1815	0.000000
281474976710655.000000	16.603127	1816	0.000000
281474976710655.000000	16.784252	1817	0.000000
281474976710655.000000	16.545193	1818	0.000000
281474976710655.000000	16.763245	1819	0.000000
281474976710655.000000	16.618427	1820	0.000000
281474976710655.000000	16.893702	1821	0.000000
281474976710655.000000	16.182161	1822	0.000000
281474976710655.000000	16.263121	1823	0.000000
281474976710655.000000	16.299177	1824	0.000000
281474976710655.000000	16.426207	1825	0.000000
281474976710655.000000	15.874571	1826	0.000000
281474976710655.000000	16.724445	1827	0.000000
281474976710655.000000	16.578707	1828	0.000000
281474976710655.000000	16.551138	1829	0.000000
281474976710655.000000	15.774291	1830	0.000000
281474976710655.000000	16.995617	1831	0.000000
281474976710655.000000	15.905453	1832	0.000000
281474976710655.000000	16.427971	1833	0.000000
281474976710655.000000	16.069851	1834	0.000000
281474976710655.000000	16.178751	1835	0.000000
281474976710655.000000	16.451862	1836	0.000000
281474976710655.000000	16.399899	1837	0.000000
281474976710655.000000	15.687704	1838	0.000000
281474976710655.000000	16.159388	1839	0.000000
281474976710655.000000	15.611433	1840	0.000000
281474976710655.000000	16.015657	1841	0.000000
281474976710655.000000	16.281155	1842	0.000000
281474976710655.000000	16.228861	1843	0.000000
281474976710655.000000	15.369250	1844	0.000000
281474976710655.000000	16.188662	1845	0.000000
281474976710655.000000	16.369680	1846	0.000000
281474976710655.000000	15.488582	1847	0.000000
281474976710655.000000	15.900614	1848	0.000000
281474976710655.000000	15.798372	1849	0.000000
281474976710655.000000	15.628356	1850	0.000000
281474976710655.000000	15.722576	1851	0.000000
281474976710655.000000	15.892094	1852	0.000000
281474976710655.000000	15.685913	1853	0.000000
281474976710655.000000	15.981307	1854	0.000000
281474976710655.000000	15.976814	1855	0.000000
281474976710655.000000	15.472027	1856	0.000000
281474976710655.000000	15.734392	1857	0.000000
281474976710655.000000	15.629881	1858	0.000000
281474976710655.000000	15.758717	1859	0.000000
281474976710655.000000	15.738241	1860	0.000000
281474976710655.000000	15.715461	1861	0.000000
281474976710655.000000	15.806336	1862	0.000000
281474976710655.000000	16.050676	1863	0.000000
281474976710655.000000	15.347481	1864	0.000000
281474976710655.000000	15.594625	1865	0.000000
281474976710655.000000	15.493604	1866	0.000000
281474976710655.000000	15.256764	1867	0.000000
281474976710655.000000	15.124413	1868	0.000000
281474976710655.000000	15.706715	1869	0.000000
281474976710655.000000	15.435647	1870	0.000000
281474976710655.000000	14.846223	1871	0.000000
281474976710655.000000	15.488654	1872	0.000000
281474976710655.000000	14.891135	1873	0.000000
281474976710655.000000	14.858226	1874	0.000000
281474976710655.000000	15.408315	1875	0.000000
281474976710655.000000	15.405394	1876	0.000000
281474976710655.000000	15.129499	1877	0.000000
281474976710655.000000	14.858498	1878	0.000000
281474976710655.000000	14.902742	1879	0.000000
281474976710655.000000	14.955578	1880	0.000000
281474976710655.000000	15.040990	1881	0.000000
281474976710655.000000	15.091932	1882	0.000000
281474976710655.000000	14.977825	1883	0.000000
281474976710655.000000	14.932531	1884	0.000000
281474976710655.000000	15.063923	1885	0.000000
281474976710655.000000	15.395285	1886	0.000000
281474976710655.000000	15.332554	1887	0.000000
281474976710655.000000	14.919377	1888	0.000000
281474976710655.000000	14.785590	1889	0.000000
281474976710655.000000	15.080578	1890	0.000000
281474976710655.000000	14.975732	1891	0.000000
281474976710655.000000	14.995875	1892	0.000000
281474976710655.000000	15.050100	1893	0.000000
281474976710655.000000	14.731788	1894	0.000000
281474976710655.000000	14.832867	1895	0.000000
281474976710655.000000	14.788492	1896	0.000000
281474976710655.000000	14.826365	1897	0.000000
281474976710655.000000	14.767503	1898	0.000000
281474976710655.000000	14.599433	1899	0.000000
281474976710655.000000	14.450480	1900	0.000000
281474976710655.000000	14.213042	1901	0.000000
281474976710655.000000	15.256953	1902	0.000000
281474976710655.000000	14.394569	1903	0.000000
281474976710655.000000	14.755331	1904	0.000000
281474976710655.000000	14.647226	1905	0.000000
281474976710655.000000	14.407043	1906	0.000000
281474976710655.000000	14.254745	1907	0.000000
281474976710655.000000	14.300566	1908	0.000000
281474976710655.000000	14.378548	1909	0.000000
281474976710655.000000	14.862145	1910	0.000000
281474976710655.000000	14.374611	1911	0.000000
281474976710655.000000	14.587847	1912	0.000000
281474976710655.000000	14.340551	1913	0.000000
281474976710655.000000	14.347821	1914	0.000000
281474976710655.000000	14.499703	1915	0.000000
281474976710655.000000	14.297729	1916	0.000000
281474976710655.000000	13.968054	1917	0.000000
281474976710655.000000	14.266400	1918	0.000000
281474976710655.000000	14.649650	1919	0.000000
281474976710655.000000	14.122818	1920	0.000000
281474976710655.000000	14.146338	1921	0.000000
281474976710655.000000	14.114886	1922	0.000000
281474976710655.000000	14.445044	1923	0.000000
281474976710655.000000	14.061505	1924	0.000000
281474976710655.000000	14.310836	1925	0.000000
281474976710655.000000	14.000596	1926	0.000000
281474976710655.000000	14.392482	1927	0.000000
281474976710655.000000	14.106746	1928	0.000000
281474976710655.000000	13.826484	1929	0.000000
281474976710655.000000	14.277038	1930	0.000000
281474976710655.000000	13.616854	1931	0.000000
281474976710655.000000	13.738231	1932	0.000000
281474976710655.000000	13.931949	1933	0.000000
281474976710655.000000	13.817732	1934	0.000000
281474976710655.000000	13.763262	1935	0.000000
281474976710655.000000	13.900822	1936	0.000000
281474976710655.000000	13.756291	1937	0.000000
281474976710655.000000	13.928189	1938	0.000000
281474976710655.000000	13.669776	1939	0.000000
281474976710655.000000	14.044524	1940	0.000000
281474976710655.000000	13.867825	1941	0.000000
281474976710655.000000	13.773812	1942	0.000000
281474976710655.000000	13.418481	1943	0.000000
281474976710655.000000	13.514797	1944	0.000000
281474976710655.000000	14.048466	1945	0.000000
281474976710655.000000	13.394171	1946	0.000000
281474976710655.000000	13.472840	1947	0.000000
281474976710655.000000	13.858056	1948	0.000000
281474976710655.000000	13.795245	1949	0.000000
281474976710655.000000	13.762012	1950	0.000000
281474976710655.000000	13.716528	1951	0.000000
281474976710655.000000	14.043705	1952	0.000000
281474976710655.000000	13.586487	1953	0.000000
281474976710655.000000	13.330469	1954	0.000000
281474976710655.000000	13.946171	1955	0.000000
281474976710655.000000	13.623818	1956	0.000000
281474976710655.000000	13.241521	1957	0.000000
281474976710655.000000	13.605165	1958	0.000000
281474976710655.000000	13.657796	1959	0.000000
281474976710655.000000	13.619449	1960	0.000000
281474976710655.000000	13.291180	1961	0.000000
281474976710655.000000	13.655058	1962	0.000000
281474976710655.000000	13.491323	1963	0.000000
281474976710655.000000	13.024332	1964	0.000000
281474976710655.000000	13.314461	1965	0.000000
281474976710655.000000	13.304158	1966	0.000000
281474976710655.000000	13.382206	1967	0.000000
281474976710655.000000	13.081369	1968	0.000000
281474976710655.000000	13.447601	1969	0.000000
281474976710655.000000	12.914444	1970	0.000000
281474976710655.000000	13.149674	1971	0.000000
281474976710655.000000	13.206159	1972	0.000000
281474976710655.000000	12.889907	1973	0.000000
281474976710655.000000	13.191175	1974	0.000000
281474976710655.000000	13.334183	1975	0.000000
281474976710655.000000	13.217195	1976	0.000000
281474976710655.000000	13.093192	1977	0.000000
281474976710655.000000	13.095466	1978	0.000000
281474976710655.000000	13.283390	1979	0.000000
281474976710655.000000	13.109608	1980	0.000000
281474976710655.000000	12.825308	1981	0.000000
281474976710655.000000	12.677975	1982	0.000000
281474976710655.000000	13.018464	1983	0.000000
281474976710655.000000	13.126532	1984	0.000000
281474976710655.000000	12.334552	1985	0.000000
281474976710655.000000	12.860518	1986	0.000000
281474976710655.000000	12.679476	1987	0.000000
281474976710655.000000	12.880289	1988	0.000000
281474976710655.000000	13.011130	1989	0.000000
281474976710655.000000	12.599550	1990	0.000000
281474976710655.000000	12.605642	1991	0.000000
281474976710655.000000	12.955510	1992	0.000000
281474976710655.000000	12.788646	1993	0.000000
281474976710655.000000	12.577078	1994	0.000000
281474976710655.000000	13.093431	1995	0.000000
281474976710655.000000	12.888810	1996	0.000000
281474976710655.000000	12.749381	1997	0.000000
281474976710655.000000	12.911143	1998	0.000000
281474976710655.000000	12.593666	1999	0.000000
281474976710655.000000	12.346953	2000	0.000000
281474976710655.000000	12.988609	2001	0.000000
281474976710655.000000	12.397183	2002	0.000000
281474976710655.000000	12.711833	2003	0.000000
281474976710655.000000	12.501551	2004	0.000000
281474976710655.000000	12.431899	2005	0.000000
281474976710655.000000	12.522882	2006	0.000000
281474976710655.000000	12.749780	2007	0.000000
281474976710655.000000	12.245214	2008	0.000000
281474976710655.000000	12.146847	2009	0.000000
281474976710655.000000	12.493565	2010	0.000000
281474976710655.000000	12.367766	2011	0.000000
281474976710655.000000	12.707681	2012	0.000000
281474976710655.000000	12.385847	2013	0.000000
281474976710655.000000	12.460279	2014	0.000000
281474976710655.000000	12.260093	2015	0.000000
281474976710655.000000	12.512362	2016	0.000000
281474976710655.000000	12.245218	2017	0.000000
281474976710655.000000	12.200679	2018	0.000000
281474976710655.000000	12.495916	2019	0.000000
281474976710655.000000	12.254938	2020	0.000000
281474976710655.000000	12.162781	2021	0.000000
281474976710655.000000	12.217549	2022	0.000000
281474976710655.000000	12.048376	2023	0.000000
281474976710655.000000	12.213382	2024	0.000000
281474976710655.000000	12.100499	2025	0.000000
281474976710655.000000	12.495374	2026	0.000000
281474976710655.000000	12.046900	2027	0.000000
281474976710655.000000	11.895112	2028	0.000000
281474976710655.000000	11.901724	2029	0.000000
281474976710655.000000	12.458215	2030	0.000000
281474976710655.000000	11.848649	2031	0.000000
281474976710655.000000	12.169769	2032	0.000000
281474976710655.000000	11.790759	2033	0.000000
281474976710655.000000	11.961428	2034	0.000000
281474976710655.000000	11.876567	2035	0.000000
281474976710655.000000	11.716974	2036	0.000000
281474976710655.000000	12.017449	2037	0.000000
281474976710655.000000	11.850945	2038	0.000000
281474976710655.000000	11.839529	2039	0.000000
281474976710655.000000	11.634002	2040	0.000000
281474976710655.000000	11.601051	2041	0.000000
281474976710655.000000	12.119337	2042	0.000000
281474976710655.000000	11.862690	2043	0.000000
281474976710655.000000	11.702467	2044	0.000000
281474976710655.000000	11.598992	2045	0.000000
281474976710655.000000	11.831055	2046	0.000000
281474976710655.000000	11.858785	2047	0.000000
281474976710655.000000	11.788980	2048	0.000000
281474976710655.000000	11.677856	2049	0.000000
281474976710655.000000	11.847606	2050	0.000000
281474976710655.000000	11.798656	2051	0.000000
281474976710655.000000	11.540538	2052	0.000000
281474976710655.000000	11.464611	2053	0.000000
281474976710655.000000	11.806834	2054	0.000000
281474976710655.000000	11.579371	2055	0.000000
281474976710655.000000	11.634313	2056	0.000000
281474976710655.000000	11.609406	2057	0.000000
281474976710655.000000	11.677604	2058	0.000000
281474976710655.000000	11.328352	2059	0.000000
281474976710655.000000	11.678878	2060	0.000000
281474976710655.000000	11.460416	2061	0.000000
281474976710655.000000	11.313536	2062	0.000000
281474976710655.000000	11.528492	2063	0.000000
281474976710655.000000	11.665395	2064	0.000000
281474976710655.000000	11.364440	2065	0.000000
281474976710655.000000	11.540689	2066	0.000000
281474976710655.000000	11.103196	2067	0.000000
281474976710655.000000	11.358411	2068	0.000000
281474976710655.000000	11.405165	2069	0.000000
281474976710655.000000	11.106995	2070	0.000000
281474976710655.000000	11.437995	2071	0.000000
281474976710655.000000	11.198697	2072	0.000000
281474976710655.000000	11.009421	2073	0.000000
281474976710655.000000	11.278077	2074	0.000000
281474976710655.000000	11.259734	2075	0.000000
281474976710655.000000	11.459196	2076	0.000000
281474976710655.000000	10.960284	2077	0.000000
281474976710655.000000	11.231232	2078	0.000000
281474976710655.000000	11.355237	2079	0.000000
281474976710655.000000	11.004201	2080	0.000000
281474976710655.000000	11.154601	2081	0.000000
281474976710655.000000	10.899755	2082	0.000000
281474976710655.000000	11.090975	2083	0.000000
281474976710655.000000	11.055312	2084	0.000000
281474976710655.000000	11.303982	2085	0.000000
281474976710655.000000	11.040991	2086	0.000000
281474976710655.000000	10.838384	2087	0.000000
281474976710655.000000	10.771678	2088	0.000000
281474976710655.000000	10.996202	2089	0.000000
281474976710655.000000	11.104604	2090	0.000000
281474976710655.000000	10.907171	2091	0.000000
281474976710655.000000	10.902625	2092	0.000000
281474976710655.000000	10.657481	2093	0.000000
281474976710655.000000	10.870359	2094	0.000000
281474976710655.000000	10.901928	2095	0.000000
281474976710655.000000	10.793923	2096	0.000000
281474976710655.000000	10.628417	2097	0.000000
281474976710655.000000	10.960386	2098	0.000000
281474976710655.000000	10.631413	2099	0.000000
281474976710655.000000	10.775537	2100	0.000000
281474976710655.000000	10.754158	2101	0.000000
281474976710655.000000	10.806543	2102	0.000000
281474976710655.000000	10.666653	2103	0.000000
281474976710655.000000	10.756706	2104	0.000000
281474976710655.000000	10.462081	2105	0.000000
281474976710655.000000	10.649454	2106	0.000000
281474976710655.000000	10.472041	2107	0.000000
281474976710655.000000	10.496082	2108	0.000000
281474976710655.000000	10.463051	2109	0.000000
281474976710655.000000	10.537464	2110	0.000000
281474976710655.000000	10.487336	2111	0.000000
281474976710655.000000	10.480474	2112	0.000000
281474976710655.000000	10.404293	2113	0.000000
281474976710655.000000	10.413859	2114	0.000000
281474976710655.000000	10.468861	2115	0.000000
281474976710655.000000	10.416974	2116	0.000000
281474976710655.000000	10.342375	2117	0.000000
281474976710655.000000	10.574434	2118	0.000000
281474976710655.000000	10.291663	2119	0.000000
281474976710655.000000	10.404726	2120	0.000000
281474976710655.000000	10.273158	2121	0.000000
281474976710655.000000	10.350318	2122	0.000000
281474976710655.000000	10.260296	2123	0.000000
281474976710655.000000	10.350489	2124	0.000000
281474976710655.000000	10.241153	2125	0.000000
281474976710655.000000	10.400019	2126	0.000000
281474976710655.000000	10.240305	2127	0.000000
281474976710655.000000	10.150247	2128	0.000000
281474976710655.000000	10.236529	2129	0.000000
281474976710655.000000	10.231839	2130	0.000000
281474976710655.000000	10.011289	2131	0.000000
281474976710655.000000	10.435009	2132	0.000000
281474976710655.000000	10.177367	2133	0.000000
281474976710655.000000	10.195016	2134	0.000000
281474976710655.000000	10.115715	2135	0.000000
281474976710655.000000	10.119058	2136	0.000000
281474976710655.000000	10.036624	2137	0.000000
281474976710655.000000	10.071715	2138	0.000000
281474976710655.000000	10.115760	2139	0.000000
281474976710655.000000	10.220989	2140	0.000000
281474976710655.000000	9.962941	2141	0.000000
281474976710655.000000	9.936194	2142	0.000000
281474976710655.000000	10.103472	2143	0.000000
281474976710655.000000	9.987698	2144	0.000000
281474976710655.000000	9.921698	2145	0.000000
281474976710655.000000	10.172370	2146	0.000000
281474976710655.000000	9.925959	2147	0.000000
281474976710655.000000	9.885827	2148	0.000000
281474976710655.000000	9.786444	2149	0.000000
281474976710655.000000	9.933368	2150	0.000000
281474976710655.000000	9.713135	2151	0.000000
281474976710655.000000	9.702910	2152	0.000000
281474976710655.000000	9.954466	2153	0.000000
281474976710655.000000	9.824594	2154	0.000000
281474976710655.000000	9.672408	2155	0.000000
281474976710655.000000	9.764169	2156	0.000000
281474976710655.000000	9.693010	2157	0.000000
281474976710655.000000	9.607203	2158	0.000000
281474976710655.000000	9.547154	2159	0.000000
281474976710655.000000	9.826897	2160	0.000000
281474976710655.000000	9.610914	2161	0.000000
281474976710655.000000	9.662771	2162	0.000000
281474976710655.000000	9.663590	2163	0.000000
281474976710655.000000	9.646160	2164	0.000000
281474976710655.000000	9.588539	2165	0.000000
281474976710655.000000	9.445525	2166	0.000000
281474976710655.000000	9.465317	2167	0.000000
281474976710655.000000	9.539895	2168	0.000000
281474976710655.000000	9.540449	2169	0.000000
281474976710655.000000	9.470485	2170	0.000000
281474976710655.000000	9.615000	2171	0.000000
281474976710655.000000	9.443578	2172	0.000000
281474976710655.000000	9.411625	2173	0.000000
281474976710655.000000	9.582376	2174	0.000000
281474976710655.000000	9.414736	2175	0.000000
281474976710655.000000	9.365531	2176	0.000000
281474976710655.000000	9.481780	2177	0.000000
281474976710655.000000	9.588928	2178	0.000000
281474976710655.000000	9.528450	2179	0.000000
281474976710655.000000	9.428763	2180	0.000000
281474976710655.000000	9.523352	2181	0.000000
281474976710655.000000	9.397488	2182	0.000000
281474976710655.000000	9.308980	2183	0.000000
281474976710655.000000	9.379319	2184	0.000000
281474976710655.000000	9.253159	2185	0.000000
281474976710655.000000	9.297209	2186	0.000000
281474976710655.000000	9.210255	2187	0.000000
281474976710655.000000	9.387399	2188	0.000000
281474976710655.000000	9.109382	2189	0.000000
281474976710655.000000	9.390743	2190	0.000000
281474976710655.000000	9.222629	2191	0.000000
281474976710655.000000	9.295794	2192	0.000000
281474976710655.000000	9.090335	2193	0.000000
281474976710655.000000	9.242989	2194	0.000000
281474976710655.000000	9.030717	2195	0.000000
281474976710655.000000	9.169940	2196	0.000000
281474976710655.000000	9.176743	2197	0.000000
281474976710655.000000	9.033015	2198	0.000000
281474976710655.000000	8.975254	2199	0.000000
281474976710655.000000	9.199150	2200	0.000000
281474976710655.000000	8.985696	2201	0.000000
281474976710655.000000	9.098446	2202	0.000000
281474976710655.000000	9.166287	2203	0.000000
281474976710655.000000	9.115941	2204	0.000000
281474976710655.000000	8.997596	2205	0.000000
281474976710655.000000	9.009112	2206	0.000000
281474976710655.000000	8.977583	2207	0.000000
281474976710655.000000	8.959720	2208	0.000000
281474976710655.000000	8.927406	2209	0.000000
281474976710655.000000	8.892776	2210	0.000000
281474976710655.000000	8.908647	2211	0.000000
281474976710655.000000	8.839354	2212	0.000000
281474976710655.000000	8.827869	2213	0.000000
281474976710655.000000	8.746896	2214	0.000000
281474976710655.000000	8.883747	2215	0.000000
281474976710655.000000	8.773548	2216	0.000000
281474976710655.000000	8.874006	2217	0.000000
281474976710655.000000	8.699549	2218	0.000000
281474976710655.000000	8.568087	2219	0.000000
281474976710655.000000	8.872688	2220	0.000000
281474976710655.000000	8.756150	2221	0.000000
281474976710655.000000	8.637218	2222	0.000000
281474976710655.000000	8.654236	2223	0.000000
281474976710655.000000	8.725614	2224	0.000000
281474976710655.000000	8.576258	2225	0.000000
281474976710655.000000	8.689771	2226	0.000000
281474976710655.000000	8.550279	2227	0.000000
281474976710655.000000	8.710629	2228	0.000000
281474976710655.000000	8.659130	2229	0.000000
281474976710655.000000	8.609844	2230	0.000000
281474976710655.000000	8.613266	2231	0.000000
281474976710655.000000	8.644365	2232	0.000000
281474976710655.000000	8.514646	2233	0.000000
281474976710655.000000	8.529574	2234	0.000000
281474976710655.000000	8.602521	2235	0.000000
281474976710655.000000	8.700658	2236	0.000000
281474976710655.000000	8.359423	2237	0.000000
281474976710655.000000	8.549554	2238	0.000000
281474976710655.000000	8.611854	2239	0.000000
281474976710655.000000	8.625379	2240	0.000000
281474976710655.000000	8.322398	2241	0.000000
281474976710655.000000	8.547412	2242	0.000000
281474976710655.000000	8.462220	2243	0.000000
281474976710655.000000	8.488090	2244	0.000000
281474976710655.000000	8.450994	2245	0.000000
281474976710655.000000	8.369211	2246	0.000000
281474976710655.000000	8.334309	2247	0.000000
281474976710655.000000	8.413892	2248	0.000000
281474976710655.000000	8.267336	2249	0.000000
281474976710655.000000	8.354936	2250	0.000000
281474976710655.000000	8.221892	2251	0.000000
281474976710655.000000	8.399485	2252	0.000000
281474976710655.000000	8.223864	2253	0.000000
281474976710655.000000	8.420692	2254	0.000000
281474976710655.000000	8.102856	2255	0.000000
281474976710655.000000	8.325573	2256	0.000000
281474976710655.000000	8.334812	2257	0.000000
281474976710655.000000	8.199993	2258	0.000000
281474976710655.000000	8.167332	2259	0.000000
281474976710655.000000	8.166448	2260	0.000000
281474976710655.000000	8.126280	2261	0.000000
281474976710655.000000	8.269872	2262	0.000000
281474976710655.000000	8.132057	2263	0.000000
281474976710655.000000	8.192648	2264	0.000000
281474976710655.000000	7.963428	2265	0.000000
281474976710655.000000	8.066143	2266	0.000000
281474976710655.000000	8.196082	2267	0.000000
281474976710655.000000	8.179355	2268	0.000000
281474976710655.000000	8.090374	2269	0.000000
281474976710655.000000	8.083778	2270	0.000000
281474976710655.000000	7.866334	2271	0.000000
281474976710655.000000	8.192946	2272	0.000000
281474976710655.000000	8.029827	2273	0.000000
281474976710655.000000	7.984836	2274	0.000000
281474976710655.000000	7.867488	2275	0.000000
281474976710655.000000	8.023431	2276	0.000000
281474976710655.000000	7.939686	2277	0.000000
281474976710655.000000	7.967642	2278	0.000000
281474976710655.000000	7.906081	2279	0.000000
281474976710655.000000	8.028956	2280	0.000000
281474976710655.000000	7.919008	2281	0.000000
281474976710655.000000	7.864096	2282	0.000000
281474976710655.000000	7.756156	2283	0.000000
281474976710655.000000	7.954749	2284	0.000000
281474976710655.000000	7.845667	2285	0.000000
281474976710655.000000	7.858263	2286	0.000000
281474976710655.000000	7.820115	2287	0.000000
281474976710655.000000	7.892654	2288	0.000000
281474976710655.000000	7.711466	2289	0.000000
281474976710655.000000	7.686527	2290	0.000000
281474976710655.000000	7.772173	2291	0.000000
281474976710655.000000	7.722419	2292	0.000000
281474976710655.000000	7.661102	2293	0.000000
281474976710655.000000	7.825831	2294	0.000000
281474976710655.000000	7.669981	2295	0.000000
281474976710655.000000	7.768285	2296	0.000000
281474976710655.000000	7.553561	2297	0.000000
281474976710655.000000	7.728655	2298	0.000000
281474976710655.000000	7.681163	2299	0.000000
281474976710655.000000	7.763475	2300	0.000000
281474976710655.000000	7.620163	2301	0.000000
281474976710655.000000	7.686937	2302	0.000000
281474976710655.000000	7.609431	2303	0.000000
281474976710655.000000	7.601084	2304	0.000000
281474976710655.000000	7.493231	2305	0.000000
281474976710655.000000	7.623289	2306	0.000000
281474976710655.000000	7.557572	2307	0.000000
281474976710655.000000	7.583804	2308	0.000000
281474976710655.000000	7.497902	2309	0.000000
281474976710655.000000	7.494565	2310	0.000000
281474976710655.000000	7.485989	2311	0.000000
281474976710655.000000	7.418358	2312	0.000000
281474976710655.000000	7.407646	2313	0.000000
281474976710655.000000	7.565042	2314	0.000000
281474976710655.000000	7.436264	2315	0.000000
281474976710655.000000	7.511667	2316	0.000000
281474976710655.000000	7.334457	2317	0.000000
281474976710655.000000	7.539667	2318	0.000000
281474976710655.000000	7.383302	2319	0.000000
281474976710655.000000	7.465240	2320	0.000000
281474976710655.000000	7.317604	2321	0.000000
281474976710655.000000	7.430187	2322	0.000000
281474976710655.000000	7.339807	2323	0.000000
281474976710655.000000	7.491962	2324	0.000000
281474976710655.000000	7.350531	2325	0.000000
